R1:[25, 36, 49, 64, 81, 100, 121, 144, 169, 196, 225, 256, 289, 324, 361, 400, 441, 484, 529, 576, 625]
R2:[16, 22, 23, 19, 10, 5, 13, 25, 32, 25, 22, 32, 28, 19, 14, 13, 25, 32, 34, 31]
R3:[11, 9, 15, 11, 6, 9, 11, 12, 12, 11, 9, 15, 20, 15, 9, 11, 12, 12, 11]
R4:[11, 15, 8, 8, 15, 11, 5, 6, 5, 11, 15, 8, 8, 15, 11, 5, 6, 5]
R5:[8, 14, 16, 14, 8, 7, 11, 11, 7, 8, 14, 16, 14, 8, 7, 11, 11]
R6:[13, 12, 12, 13, 15, 9, 4, 9, 15, 13, 12, 12, 13, 15, 9, 4]
R7:[7, 6, 7, 10, 15, 13, 13, 15, 10, 7, 6, 7, 10, 15, 13]
R8:[13, 13, 8, 7, 10, 8, 10, 7, 8, 13, 13, 8, 7, 10]
R9:[8, 12, 15, 8, 9, 9, 8, 15, 12, 8, 12, 15, 8]
R10:[11, 9, 14, 17, 18, 17, 14, 9, 11, 11, 9, 14]
R11:[11, 14, 13, 17, 17, 13, 14, 11, 4, 11, 14]
R12:[7, 9, 12, 16, 12, 9, 7, 6, 6, 7]
R13:[16, 12, 10, 10, 12, 16, 13, 12, 13]
R14:[10, 4, 2, 4, 10, 11, 7, 7]
R15:[5, 6, 6, 5, 3, 9, 14]
R16:[11, 12, 11, 8, 12, 14]
R17:[5, 5, 10, 11, 8]
R18:[10, 6, 3, 10]
R19:[7, 9, 4]
R20:[16, 13]
R21:[11]
